Iteration 0
===========
         x1         x2         e1         s2         s3        RHS
------------------------------------------------------------------
   -100,000    -30,000      0,000      0,000      0,000      0,000
      0,000     -1,000      1,000      0,000      0,000     -3,000
      2,000      1,000      0,000      1,000      0,000     15,000
     10,000      4,000      0,000      0,000      1,000     40,000

Iteration 1 (Final)
===================
         x1         x2         e1         s2         s3        RHS
------------------------------------------------------------------
      0,000     10,000      0,000      0,000     10,000    400,000
      0,000     -1,000      1,000      0,000      0,000     -3,000
      0,000      0,200      0,000      1,000     -0,200      7,000
      1,000      0,400      0,000      0,000      0,100      4,000

